    0.0146484    0.0000000
    0.0219727    0.0000000
    0.0292969    0.0000000
    0.0366211    0.0000000
    0.0488281    0.0000000
    0.0683594    0.0000000
    0.0927734    0.0048828
    0.1293945    0.0122070
    0.1855469    0.0000000
    0.2587891    0.0122070
    0.3540039    0.0341797
    0.4809570    0.0488281
    0.6347656    0.1000977
    0.8398438    0.1684570
    1.0888672    0.3100586
    1.4038086    0.5126953
    1.7456055    0.8251953
    2.1362305    1.2670898
    2.5366211    1.5527344
    2.7294922    2.0312500
    2.9443359    2.1630859
    3.1176758    2.6025391
    3.2763672    2.5634766
    3.4252930    2.8247070
    3.5449219    2.9858398
    3.6621094    3.0908203
    3.7451172    2.9443359
    3.8159180    3.0883789
    3.8867188    3.2031250
    3.9648438    3.3544922
    4.0234375    3.2788086
    4.0844727    3.2763672
    4.1503906    3.5668945
    4.1918945    3.5180664
    4.2480469    3.6059570
    4.2871094    3.6718750
    4.3408203    3.6523438
    4.3725586    3.6157227
    4.4091797    3.8012695
    4.4506836    3.7060547
    4.4848633    3.8378906
    4.5117188    3.9135742
    4.5361328    3.8378906
    4.5776367    3.4960938
    4.6118164    3.4741211
    4.6459961    3.5546875
    4.6777344    3.5034180
    4.7021484    3.4863281
    4.7265625    3.5864258
    4.7509766    3.6279297
    4.7705078    3.8696289
    4.7998047    3.8720703
    4.8193359    4.0087891
    4.8437500    4.0869141
    4.8754883    4.0893555
    4.8828125    4.0136719
    4.9218750    4.1040039
    4.9560547    4.0209961
    4.9755859    3.9355469
    4.9902344    3.8769531
    5.0048828    3.8452148
    5.0219727    3.8891602
    5.0488281    3.9355469
    5.0854492    3.9990234
    5.0927734    4.0136719
    5.0683594    4.1479492
    5.0781250    4.3237305
    5.1123047    4.4409180
    5.1416016    4.0747070
    5.1318359    3.9965820
    5.1318359    4.1162109
    5.1269531    4.2285156
    5.1391602    4.0234375
    5.1586914    3.9550781
    5.1660156    4.1430664
    5.1562500    4.2504883
    5.1562500    4.1015625
    5.1879883    4.1821289
    5.1855469    4.1992188
    5.1708984    4.3115234
    5.1782227    4.4018555
    5.1782227    4.3798828
    5.1904297    4.3457031
    5.1953125    4.1674805
    5.1904297    4.3188477
    5.1904297    4.0795898
    5.1977539    4.0673828
    5.1904297    4.1821289
    5.2001953    4.1894531
    5.1953125    4.0649414
    5.1928711    4.1381836
    5.2001953    3.9453125
    5.1879883    3.9916992
    5.1806641    3.9477539
    5.1904297    3.9306641
    5.2099609    4.0649414
    5.1806641    3.9135742
    5.1879883    3.8183594
    5.1953125    3.7670898
    5.1806641    3.8671875
    5.1831055    3.9990234
    5.1879883    4.2138672
    5.1879883    4.1308594
    5.1733398    4.1308594
    5.1708984    4.0332031
    5.1708984    4.2089844
    5.1660156    3.9428711
    5.1660156    3.8891602
    5.1586914    3.9453125
    5.1733398    3.9599609
    5.1611328    3.9721680
    5.1538086    3.8696289
    5.1416016    3.8769531
    5.1464844    3.9575195
    5.1513672    4.1430664
    5.1293945    3.8940430
    5.1220703    4.0673828
    5.1245117    3.9355469
    5.1245117    4.1796875
    5.1074219    3.9941406
    5.1147461    3.9111328
    5.1171875    3.9453125
    5.1049805    4.0136719
    5.0952148    3.7670898
    5.0927734    3.8525391
    5.0878906    3.9721680
    5.0805664    3.7573242
    5.0732422    3.6718750
    5.0854492    3.6938477
    5.0610352    3.7377930
    5.0585938    3.9794922
    5.0732422    3.9013672
    5.0341797    4.0136719
    5.0415039    3.9672852
    5.0415039    4.0502930
    5.0415039    3.9453125
    5.0244141    3.9111328
    5.0122070    3.6450195
    5.0317383    3.5620117
    5.0146484    3.6254883
    5.0000000    3.4741211
    5.0024414    4.0258789
    4.9902344    4.0917969
    5.0000000    3.8452148
    4.9829102    3.7939453
    4.9658203    3.9282227
    4.9755859    3.8745117
    4.9658203    3.7426758
    4.9584961    3.7353516
    4.9609375    3.5107422
    4.9291992    3.6596680
    4.9536133    3.3398438
    4.9340820    3.4252930
    4.9194336    3.4375000
    4.9316406    3.6230469
    4.9169922    3.5522461
    4.9121094    3.6206055
    4.8950195    3.5937500
    4.9072266    3.5571289
    4.8901367    3.5473633
    4.8828125    3.4448242
    4.8754883    3.4619141
    4.8852539    3.5937500
    4.8535156    3.4814453
    4.8681641    3.7158203
    4.8559570    3.6401367
    4.8559570    3.5986328
    4.8364258    3.6474609
    4.8437500    3.6621094
    4.8339844    3.5473633
    4.8315430    3.4399414
    4.8193359    3.6791992
    4.8144531    3.3471680
    4.8046875    3.5644531
    4.8095703    3.3837891
    4.7949219    3.2470703
    4.7998047    3.4033203
    4.7778320    3.3886719
    4.7875977    3.3740234
    4.7778320    3.4375000
    4.7680664    3.4960938
    4.7729492    3.5546875
    4.7509766    3.5522461
    4.7607422    3.2861328
    4.7534180    3.6767578
    4.7485352    3.5375977
    4.7338867    3.3569336
    4.7290039    3.2470703
    4.7338867    3.3666992
    4.7167969    3.3984375
    4.7143555    3.2446289
    4.7216797    3.4375000
    4.6923828    3.3129883
    4.7045898    3.3203125
    4.6923828    3.2397461
    4.6875000    3.4594727
    4.6801758    3.3984375
    4.6801758    3.4008789
    4.6679688    3.4863281
    4.6728516    3.2763672
    4.6533203    3.1860352
    4.6582031    3.3496094
    4.6484375    3.5742188
    4.6484375    3.6010742
    4.6337891    3.5791016
    4.6313477    3.5620117
    4.6362305    3.2275391
    4.6166992    3.1542969
    4.6240234    3.2788086
    4.6118164    3.1542969
    4.6069336    3.3520508
    4.6166992    3.4375000
    4.5996094    3.2836914
    4.5971680    3.4375000
    4.5947266    3.2788086
    4.5849609    3.2275391
    4.5898438    3.3764648
    4.5776367    3.3129883
    4.5678711    3.3520508
    4.5825195    3.4252930
    4.5629883    3.4252930
    4.5678711    3.2763672
    4.5654297    3.2031250
    4.5556641    3.2348633
    4.5483398    3.1372070
    4.5532227    2.8295898
    4.5458984    3.2031250
    4.5434570    3.1152344
    4.5385742    3.0737305
    4.5434570    3.0126953
    4.5361328    3.3691406
    4.5336914    3.4619141
    4.5410156    3.4594727
    4.5288086    3.2397461
    4.5410156    3.3276367
    4.5263672    3.2055664
    4.5288086    3.3837891
    4.5312500    3.2006836
    4.5239258    3.1176758
    4.5214844    3.3203125
    4.5288086    3.0957031
    4.5190430    3.1909180
    4.5312500    3.0859375
    4.5214844    3.1079102
    4.5239258    3.2519531
    4.5190430    3.2690430
    4.5239258    3.0908203
    4.5190430    3.0834961
    4.5239258    3.2031250
    4.5288086    3.1103516
    4.5141602    3.2397461
    4.5288086    3.2690430
    4.5288086    3.2861328
    4.5312500    3.2006836
    4.5312500    3.2397461
    4.5410156    3.2958984
    4.5385742    3.1616211
    4.5410156    3.0493164
    4.5654297    3.1079102
    4.5629883    3.4741211
    4.5849609    3.3813477
    4.5800781    3.1567383
    4.5458984    3.1250000
    4.4921875    3.2177734
    4.3750000    3.1176758
    4.2602539    3.2055664
    4.1235352    3.0957031
    3.9892578    2.7441406
    3.8500977    2.5415039
    3.6791992    2.3120117
    3.4960938    2.0361328
    3.3081055    1.7211914
    3.1054688    1.4916992
    2.8881836    1.4453125
    2.6708984    1.2182617
    2.4511719    0.8666992
    2.2192383    0.7983398
    1.9848633    0.4052734
    1.7651367    0.2709961
    1.5600586    0.2221680
    1.3696289    0.0683594
    1.2109375    0.0000000
    1.0546875    0.0000000
    0.9130859    0.0000000
    0.7910156    0.0000000
    0.6835938    0.0000000
    0.5859375    0.0000000
    0.5004883    0.0000000
    0.4199219    0.0000000
    0.3491211    0.0000000
    0.2807617    0.0000000
    0.2270508    0.0000000
    0.1660156    0.0000000
    0.1196289    0.0000000
    0.0781250    0.0000000
    0.0415039    0.0000000
    0.0048828    0.0000000
    0.0000000    0.0000000
